0.305
0.305
0.307
0.305
0.297
0.298
0.290
0.291
0.293
0.249
0.233
0.223
0.225
0.232
0.240
0.218
0.235
0.233
0.226
0.207
0.262
0.258
0.259
0.221
0.283
0.248
0.256
0.239
0.207
0.257
0.250
0.248
0.210
0.211
0.220
0.243
0.211
0.214
0.250
0.224
0.242
0.254
0.230
0.246
0.231
0.210
0.253
0.230
0.203
0.265
0.219
0.215
0.213
0.248
0.232
0.226
0.242
0.222
0.227
0.222
0.221
0.224
0.229
0.209
0.205
0.196
0.206
0.221
0.205
0.209
0.243
0.242
0.233
0.217
0.243
0.215
0.240
0.229
0.197
0.235
0.198
0.203
0.214
0.213
0.225
0.226
0.194
0.236
0.209
0.208
0.203
0.198
0.219
0.188
0.228
0.224
0.212
0.226
0.209
0.203
0.223
0.201
0.220
0.211
0.217
0.238
0.192
0.203
0.232
0.240
0.202
0.210
0.200
0.236
0.243
0.211
0.195
0.208
0.199
0.218
0.211
0.194
0.211
0.218
0.210
0.197
0.226
0.229
0.223
0.203
0.229
0.210
0.209
0.205
0.185
0.190
0.211
0.230
0.228
0.198
0.185
0.212
0.196
0.233
0.230
0.209
0.192
0.202
0.199
0.194
0.201
0.188
0.183
0.210
0.213
0.192
0.223
0.206
0.205
0.234
0.204
0.202
0.203
0.205
0.203
0.201
0.200
0.189
0.240
0.222
0.216
0.231
0.203
0.180
0.217
0.183
0.186
0.214
0.190
0.227
0.178
0.232
0.208
0.226
0.180
0.203
0.197
0.223
0.235
0.185
0.210
0.194
0.201
0.220
0.205
0.182
0.168
0.207
0.216
0.189
0.200
0.200
0.248
0.176
0.191
0.202
0.230
0.220
0.210
0.179
0.207
0.189
0.197
0.223
0.201
0.203
0.171
0.179
0.174
0.223
0.219
0.194
0.199
0.201
0.170
0.197
0.222
0.182
0.206
0.195
0.187
0.206
0.186
0.184
0.178
0.220
0.210
0.208
0.202
0.224
0.202
0.207
0.193
0.199
0.238
0.189
0.174
0.232
0.245
0.187
0.205
0.170
0.193
0.204
0.214
0.213
0.206
0.182
0.205
0.214
0.231
0.227
0.210
0.198
0.198
0.219
0.191
0.162
0.215
0.197
0.203
0.179
0.190
0.179
0.186
0.224
0.177
0.193
0.189
0.202
0.209
0.210
0.205
0.212
0.190
0.210
0.193
0.200
0.184
0.177
0.198
0.191
0.185
0.224
0.197
0.202
0.176
0.204
0.207
0.200
0.188
0.183
0.183
0.181
0.206
0.166
0.167
0.187
0.192
0.185
0.196
0.199
0.201
0.209
0.181
0.195
0.188
0.219
0.216
0.199
0.195
0.201
0.184
0.176
0.205
0.209
0.211
0.200
0.180
0.198
0.212
0.197
0.205
0.188
0.191
0.195
0.193
0.196
0.212
0.223
0.198
0.172
0.193
0.192
0.176
0.187
0.166
0.171
0.211
0.214
0.204
0.163
0.197
0.189
0.192
0.224
0.232
0.201
0.177
0.180
0.191
0.182
0.215
0.188
0.208
0.200
0.197
0.190
0.218
0.177
0.190
0.191
0.177
0.165
0.214
0.178
0.194
0.200
0.174
0.172
0.206
0.195
0.189
0.185
0.191
0.184
0.168
0.179
0.156
0.197
0.201
0.195
0.184
0.196
0.176
0.194
0.191
0.182
0.216
0.196
0.197
0.168
0.194
0.200
0.192
0.186
0.185
0.221
0.185
0.170
0.181
0.237
0.198
0.195
0.203
0.184
0.201
0.173
0.155
0.202
0.206
0.176
0.190
0.200
0.188
0.192
0.196
0.188
0.179
0.179
0.203
0.191
0.187
0.188
0.177
0.200
0.189
0.193
0.177
0.179
0.204
0.190
0.175
0.194
0.201
0.193
0.187
0.180
0.199
0.194
0.190
0.196
0.211
0.199
0.205
0.222
0.195
0.162
0.218
0.158
0.200
0.215
0.171
0.184
0.180
0.210
0.232
0.179
0.207
0.210
0.230
0.216
0.174
0.177
0.202
0.187
0.194
0.202
0.221
0.225
0.190
0.174
0.193
0.175
0.186
0.194
0.204
0.180
0.195
0.210
0.168
0.189
0.209
0.178
0.206
0.183
0.204
0.179
0.199
0.202
0.204
0.184
0.189
0.204
0.187
0.187
0.194
0.167
0.177
0.194
0.194
0.193
0.218
0.194
0.165
0.192
0.182
0.178
0.188
0.225
0.187
0.208
0.191
0.198
0.187
0.171
0.185
0.190
0.207
0.201
0.166
0.194
0.172
0.196
0.186
0.204
0.187
0.165
0.208
0.205
0.208
0.187
0.198
0.197
0.192
0.185
0.162
0.181
0.204
0.178
0.183
0.214
0.170
0.178
0.176
0.218
0.169
0.183
0.180
0.191
0.197
0.188
0.198
0.238
0.196
0.180
0.188
0.187
0.219
0.173
0.208
0.192
0.171
0.193
0.189
0.189
0.190
0.205
0.180
0.203
0.224
0.176
0.202
0.186
0.177
0.194
0.206
0.192
0.187
0.176
0.189
0.193
0.221
0.186
0.170
0.185
0.160
0.188
0.208
0.209
0.195
0.186
0.186
0.166
0.187
0.204
0.186
0.181
0.179
0.183
0.202
0.165
0.188
0.187
0.211
0.182
0.187
0.208
0.159
0.200
0.208
0.162
0.179
0.162
0.180
0.216
0.164
0.165
0.198
0.170
0.191
0.163
0.158
0.206
0.195
0.166
0.186
0.170
0.185
0.180
0.202
0.179
0.152
0.181
0.202
0.198
0.172
0.181
0.190
0.188
0.150
0.196
0.184
0.226
0.214
0.164
0.179
0.162
0.209
0.178
0.199
0.179
0.196
0.187
0.180
0.198
0.191
0.171
0.186
0.184
0.172
0.180
0.186
0.172
0.201
0.162
0.170
0.158
0.185
0.150
0.179
0.178
0.165
0.175
0.201
0.186
0.166
0.169
0.173
0.187
0.184
0.179
0.194
0.188
0.187
0.225
0.165
0.182
0.169
0.180
0.174
0.181
0.202
0.200
0.181
0.188
0.223
0.164
0.176
0.185
0.219
0.208
0.208
0.203
0.145
0.180
0.163
0.181
0.156
0.165
0.177
0.196
0.172
0.173
0.180
0.142
0.206
0.185
0.190
0.189
0.191
0.173
0.192
0.162
0.179
0.182
0.185
0.182
0.203
0.195
0.155
0.171
0.180
0.182
0.157
0.184
0.168
0.172
0.178
0.193
0.191
0.183
0.179
0.203
0.183
0.177
0.183
0.200
0.185
0.194
0.178
0.190
0.174
0.169
0.184
0.171
0.168
0.179
0.181
0.177
0.192
0.174
0.187
0.180
0.176
0.177
0.187
0.161
0.187
0.167
0.193
0.156
0.164
0.172
0.173
0.179
0.152
0.174
0.194
0.185
0.180
0.170
0.193
0.171
0.174
0.175
0.197
0.214
0.187
0.203
0.199
0.214
0.162
0.167
0.157
0.178
0.182
0.159
0.189
0.189
0.187
0.166
0.182
0.158
0.173
0.174
0.187
0.158
0.191
0.159
0.169
0.177
0.176
0.190
0.159
0.169
0.170
0.179
0.174
0.186
0.179
0.170
0.171
0.188
0.181
0.156
0.170
0.179
0.204
0.171
0.164
0.164
0.156
0.189
0.178
0.168
0.171
0.186
0.170
0.179
0.162
0.164
0.187
0.180
0.159
0.170
0.183
0.182
0.172
0.174
0.157
0.171
0.160
0.185
0.225
0.188
0.165
0.185
0.189
0.175
0.146
0.180
0.178
0.165
0.162
0.163
0.159
0.168
0.156
0.172
0.181
0.162
0.179
0.173
0.159
0.179
0.159
0.173
0.175
0.176
0.169
0.183
0.169
0.200
0.163
0.166
0.164
0.168
0.162
0.187
0.199
0.187
0.160
0.159
0.174
0.196
0.175
0.158
0.159
0.161
0.161
0.170
0.148
0.163
0.191
0.181
0.168
0.170
0.151
0.163
0.161
0.151
0.166
0.187
0.181
0.170
0.157
0.181
0.161
0.158
0.161
0.191
0.169
0.186
0.165
0.137
0.167
0.187
0.156
0.171
0.181
0.191
0.168
0.175
0.149
0.150
0.162
0.150
0.147
0.176
0.151
0.177
0.156
0.163
0.150
0.169
0.183
0.141
0.150
0.156
0.149
0.152
0.171
0.172
0.142
0.165
0.181
0.181
0.174
0.149
0.164
0.172
0.171
0.158
0.150
0.149
0.162
0.172
0.178
0.148
0.171
0.148
0.149
0.164
0.175
0.171
0.143
0.153
0.164
0.158
0.180
0.165
0.169
0.193
0.152
0.113
0.120
0.124
0.121
0.115
