0.094
0.118
0.093
0.088
0.117
0.112
0.085
0.095
0.081
0.087
0.087
0.082
0.115
0.089
0.090
0.101
0.094
0.090
0.088
0.087
0.095
0.092
0.086
0.084
0.083
0.082
0.082
0.131
0.088
0.087
0.084
0.084
0.086
0.090
0.088
0.094
0.119
0.089
0.094
0.084
0.087
0.088
0.083
0.087
0.084
0.086
0.093
0.090
0.124
0.131
0.089
0.082
0.083
0.087
0.100
0.093
0.092
0.121
0.099
0.082
0.124
0.093
0.108
0.089
0.083
0.088
0.088
0.091
0.094
0.090
0.088
0.111
0.087
0.081
0.094
0.089
0.092
0.082
0.086
0.088
0.097
0.106
0.085
0.095
0.094
0.093
0.128
0.092
0.090
0.084
0.118
0.089
0.090
0.093
0.089
0.090
0.116
0.124
0.096
0.102
0.102
0.123
0.096
0.090
0.091
0.102
0.113
0.082
0.110
0.082
0.092
0.085
0.114
0.086
0.092
0.092
0.082
0.086
0.110
0.083
0.089
0.104
0.089
0.094
0.128
0.106
0.128
0.094
0.086
0.096
0.072
0.081
0.093
0.078
0.084
0.110
0.085
0.091
0.087
0.115
0.077
0.081
0.082
0.080
0.090
0.087
0.081
0.119
0.087
0.119
0.084
0.083
0.077
0.076
0.081
0.086
0.084
0.118
0.121
0.083
0.078
0.082
0.088
0.083
0.080
0.084
0.075
0.079
0.081
0.117
0.083
0.084
0.085
0.090
0.074
0.084
0.091
0.083
0.084
0.081
0.076
0.090
0.076
0.082
0.077
0.077
0.087
0.079
0.111
0.081
0.106
0.075
0.075
0.076
0.084
0.100
0.073
0.080
0.070
0.100
0.066
0.062
0.080
0.089
0.080
0.067
0.054
0.075
0.078
0.070
0.058
0.052
0.070
0.065
0.052
0.065
0.066
0.070
0.080
0.056
0.070
0.061
0.068
0.075
0.089
0.067
0.064
0.068
0.070
0.053
0.068
0.057
0.081
0.060
0.062
0.056
0.067
0.053
0.056
0.071
0.066
0.071
0.067
0.053
0.068
0.064
0.052
0.054
0.053
0.052
0.071
0.056
0.093
0.067
0.062
0.069
0.079
0.055
0.070
0.067
0.056
0.066
0.075
0.069
0.054
0.070
0.061
0.070
0.070
0.054
0.088
0.084
0.072
0.080
0.092
0.074
0.063
0.064
0.067
0.091
0.062
0.066
0.058
0.066
0.073
0.062
0.064
0.062
0.051
0.066
0.053
0.068
0.066
0.066
0.058
0.063
0.062
0.084
0.066
0.066
0.050
0.067
0.065
0.051
0.051
0.080
0.067
0.053
0.059
0.050
0.051
0.074
0.083
0.060
0.055
0.076
0.066
0.068
0.060
0.064
0.066
0.062
0.063
0.064
0.066
0.067
0.050
0.064
0.082
0.071
0.055
0.067
0.053
0.051
0.063
0.056
0.065
0.064
0.067
0.070
0.060
0.067
0.066
0.064
0.083
0.065
0.058
0.065
0.057
0.064
0.067
0.067
0.065
0.061
0.050
0.077
0.074
0.069
0.052
0.065
0.063
0.056
0.064
0.053
0.052
0.048
0.058
0.062
0.063
0.060
0.048
0.068
0.085
0.050
0.048
0.059
0.071
0.049
0.062
0.062
0.050
0.050
0.064
0.061
0.049
0.057
0.062
0.064
0.060
0.069
0.062
0.053
0.062
0.059
0.061
0.062
0.062
0.062
0.056
0.054
0.052
0.058
0.049
0.051
0.049
0.059
0.055
0.061
0.050
0.054
0.055
0.063
0.067
0.057
0.054
0.069
0.051
0.053
0.070
0.046
0.048
0.055
0.062
0.043
0.058
0.048
0.056
0.061
0.054
0.079
0.057
0.046
0.046
0.060
0.074
0.049
0.065
0.054
0.056
0.052
0.053
0.066
0.045
0.046
0.058
0.045
0.057
0.045
0.050
0.047
0.047
0.049
0.047
0.042
0.047
0.050
0.055
0.046
0.044
0.054
0.062
0.075
0.051
0.075
0.045
0.050
0.058
0.049
0.052
0.056
0.045
0.056
0.050
0.070
0.063
0.054
0.055
0.055
0.050
0.050
0.048
0.063
0.058
0.048
0.054
0.051
0.057
0.063
0.047
0.075
0.052
0.045
0.056
0.060
0.048
0.059
0.062
0.046
0.051
0.049
0.051
0.046
0.049
0.048
0.062
0.055
0.040
0.043
0.046
0.054
0.053
0.049
0.065
0.046
0.048
0.051
0.071
0.049
0.045
0.049
0.054
0.046
0.053
0.042
0.072
0.049
0.055
0.054
0.064
0.062
0.054
0.048
0.056
0.051
0.058
0.062
0.043
0.042
0.043
0.051
0.048
0.058
0.049
0.048
0.037
0.064
0.053
0.049
0.042
0.046
0.059
0.055
0.057
0.043
0.044
0.049
0.052
0.048
0.056
0.041
0.069
0.044
0.047
0.047
0.049
0.070
0.048
0.050
0.042
0.050
0.051
0.044
0.046
0.055
0.043
0.039
0.042
0.051
0.040
0.057
0.064
0.048
0.054
0.042
0.055
0.043
0.054
0.048
0.046
0.044
0.059
0.049
0.041
0.044
0.048
0.055
0.056
0.059
0.042
0.049
0.045
0.060
0.045
0.055
0.047
0.047
0.045
0.066
0.041
0.052
0.037
0.053
0.047
0.040
0.046
0.051
0.043
0.048
0.055
0.041
0.045
0.052
0.051
0.054
0.046
0.047
0.040
0.049
0.049
0.065
0.042
0.051
0.055
0.038
0.042
0.041
0.050
0.059
0.042
0.046
0.053
0.046
0.044
0.041
0.049
0.054
0.037
0.059
0.045
0.049
0.048
0.046
0.050
0.059
0.038
0.046
0.048
0.043
0.045
0.051
0.039
0.044
0.040
0.050
0.051
0.034
0.070
0.057
0.052
0.035
0.054
0.047
0.045
0.043
0.043
0.045
0.046
0.047
0.048
0.036
0.053
0.051
0.046
0.049
0.046
0.046
0.044
0.050
0.045
0.045
0.044
0.053
0.048
0.049
0.051
0.058
0.049
0.040
0.045
0.059
0.041
0.045
0.043
0.056
0.047
0.056
0.055
0.045
0.048
0.052
0.037
0.041
0.057
0.045
0.039
0.046
0.039
0.037
0.041
0.065
0.038
0.057
0.047
0.045
0.045
0.047
0.039
0.040
0.041
0.043
0.038
0.054
0.042
0.062
0.044
0.048
0.042
0.043
0.044
0.043
0.043
0.040
0.046
0.049
0.048
0.048
0.049
0.048
0.054
0.039
0.046
0.044
0.057
0.045
0.044
0.044
0.045
0.068
0.045
0.042
0.061
0.048
0.052
0.057
0.039
0.055
0.039
0.050
0.043
0.048
0.044
0.045
0.049
0.054
0.040
0.036
0.041
0.037
0.048
0.055
0.049
0.047
0.046
0.040
0.036
0.050
0.050
0.042
0.041
0.049
0.042
0.041
0.037
0.046
0.049
0.047
0.044
0.044
0.040
0.040
0.040
0.049
0.060
0.039
0.049
0.059
0.045
0.050
0.044
0.053
0.046
0.053
0.040
0.053
0.043
0.052
0.037
0.041
0.037
0.049
0.058
0.053
0.043
0.038
0.047
0.038
0.047
0.049
0.054
0.048
0.050
0.050
0.055
0.043
0.060
0.053
0.050
0.039
0.057
0.042
0.045
0.038
0.040
0.054
0.058
0.052
0.045
0.044
0.040
0.040
0.051
0.048
0.039
0.052
0.043
0.047
0.054
0.043
0.044
0.049
0.037
0.047
0.043
0.051
0.049
0.060
0.047
0.045
0.049
0.037
0.045
0.041
0.044
0.047
0.052
0.042
0.044
0.050
0.038
0.044
0.035
0.042
0.033
0.057
0.034
0.046
0.033
0.040
0.046
0.049
0.044
0.044
0.044
0.058
0.044
0.037
0.043
0.043
0.060
0.046
0.047
0.041
0.043
0.049
0.062
0.040
0.044
0.039
0.047
0.044
0.049
0.039
0.044
0.039
0.043
0.043
0.043
0.047
0.044
0.045
0.042
0.050
0.048
0.059
0.044
0.046
0.041
0.036
0.040
0.051
0.045
0.048
0.042
0.042
0.042
0.049
0.046
0.045
0.041
0.042
0.047
0.046
0.059
0.042
0.042
0.040
0.048
0.046
0.045
0.040
0.049
0.051
0.063
0.044
0.040
0.048
0.045
0.048
0.045
0.041
0.040
0.038
0.049
0.043
0.050
0.047
0.037
0.042
0.049
0.045
0.046
0.046
0.049
0.051
0.044
0.045
0.058
0.054
0.041
0.046
0.042
0.040
0.038
0.048
0.042
0.037
0.044
0.049
0.044
0.038
0.041
0.040
0.048
0.034
0.041
0.049
0.039
0.043
0.039
0.038
