0.615
0.628
0.641
0.667
0.670
0.600
0.713
0.576
0.635
0.584
0.504
0.546
0.615
0.585
0.567
0.586
0.490
0.609
0.586
0.517
0.496
0.557
0.490
0.597
0.564
0.537
0.527
0.579
0.633
0.567
0.497
0.594
0.646
0.478
0.588
0.576
0.397
0.568
0.534
0.568
0.527
0.472
0.502
0.549
0.596
0.559
0.480
0.533
0.618
0.567
0.418
0.515
0.464
0.556
0.563
0.553
0.587
0.577
0.544
0.562
0.625
0.573
0.485
0.543
0.485
0.563
0.581
0.499
0.598
0.565
0.575
0.510
0.596
0.547
0.507
0.534
0.601
0.594
0.483
0.550
0.472
0.572
0.422
0.485
0.578
0.545
0.499
0.557
0.472
0.536
0.573
0.555
0.564
0.535
0.550
0.481
0.534
0.427
0.532
0.586
0.561
0.532
0.412
0.584
0.522
0.484
0.507
0.598
0.571
0.548
0.542
0.610
0.442
0.567
0.554
0.513
0.498
0.609
0.551
0.549
0.559
0.497
0.562
0.521
0.553
0.589
0.512
0.488
0.555
0.455
0.603
0.547
0.567
0.508
0.535
0.482
0.545
0.565
0.551
0.504
0.527
0.554
0.463
0.587
0.545
0.530
0.576
0.560
0.558
0.538
0.482
0.558
0.507
0.504
0.451
0.534
0.484
0.500
0.493
0.584
0.514
0.588
0.489
0.490
0.550
0.572
0.458
0.490
0.535
0.490
0.496
0.522
0.539
0.547
0.554
0.488
0.437
0.468
0.562
0.559
0.535
0.550
0.489
0.500
0.477
0.579
0.519
0.483
0.459
0.543
0.416
0.527
0.421
0.551
0.542
0.543
0.611
0.524
0.574
0.481
0.574
0.545
0.515
0.529
0.569
0.580
0.507
0.487
0.563
0.494
0.474
0.551
0.480
0.411
0.569
0.548
0.499
0.516
0.554
0.483
0.522
0.545
0.512
0.533
0.518
0.534
0.547
0.542
0.562
0.520
0.490
0.541
0.510
0.577
0.500
0.534
0.544
0.472
0.551
0.478
0.527
0.464
0.549
0.582
0.507
0.515
0.509
0.534
0.516
0.497
0.556
0.533
0.556
0.508
0.525
0.523
0.481
0.554
0.562
0.560
0.464
0.543
0.446
0.518
0.534
0.529
0.441
0.575
0.554
0.481
0.471
0.547
0.583
0.577
0.535
0.552
0.473
0.521
0.567
0.587
0.493
0.490
0.488
0.473
0.506
0.421
0.412
0.514
0.548
0.506
0.583
0.488
0.491
0.513
0.536
0.506
0.501
0.456
0.526
0.467
0.515
0.452
0.486
0.501
0.530
0.467
0.533
0.525
0.532
0.506
0.459
0.548
0.527
0.489
0.527
0.519
0.538
0.540
0.510
0.528
0.513
0.538
0.556
0.575
0.415
0.537
0.516
0.463
0.577
0.532
0.495
0.553
0.510
0.473
0.561
0.478
0.548
0.548
0.506
0.508
0.544
0.501
0.508
0.505
0.476
0.533
0.510
0.504
0.498
0.475
0.483
0.523
0.546
0.466
0.543
0.526
0.504
0.501
0.461
0.549
0.428
0.550
0.480
0.533
0.514
0.489
0.436
0.486
0.505
0.510
0.544
0.515
0.473
0.547
0.493
0.567
0.483
0.492
0.492
0.504
0.499
0.562
0.436
0.481
0.528
0.502
0.587
0.471
0.563
0.464
0.453
0.493
0.554
0.513
0.533
0.484
0.533
0.521
0.464
0.469
0.563
0.514
0.541
0.490
0.483
0.557
0.573
0.517
0.541
0.497
0.496
0.512
0.592
0.500
0.471
0.496
0.449
0.496
0.601
0.472
0.452
0.577
0.516
0.485
0.505
0.529
0.554
0.506
0.474
0.523
0.514
0.563
0.545
0.509
0.548
0.522
0.528
0.491
0.572
0.550
0.504
0.538
0.502
0.532
0.543
0.513
0.494
0.525
0.534
0.510
0.504
0.407
0.472
0.521
0.499
0.538
0.510
0.503
0.478
0.494
0.567
0.512
0.513
0.499
0.507
0.531
0.495
0.491
0.500
0.542
0.493
0.459
0.465
0.490
0.520
0.546
0.474
0.527
0.510
0.520
0.463
0.569
0.516
0.440
0.522
0.515
0.542
0.551
0.496
0.522
0.597
0.525
0.489
0.461
0.504
0.525
0.538
0.548
0.512
0.470
0.520
0.542
0.506
0.510
0.467
0.499
0.470
0.547
0.578
0.543
0.439
0.513
0.418
0.485
0.499
0.492
0.532
0.572
0.476
0.482
0.569
0.529
0.475
0.516
0.499
0.503
0.508
0.478
0.531
0.437
0.494
0.492
0.493
0.498
0.478
0.480
0.465
0.508
0.488
0.452
0.520
0.573
0.490
0.558
0.538
0.560
0.522
0.487
0.452
0.532
0.511
0.514
0.495
0.521
0.493
0.480
0.541
0.543
0.494
0.521
0.497
0.499
0.522
0.494
0.495
0.495
0.549
0.501
0.485
0.517
0.530
0.508
0.551
0.568
0.559
0.532
0.500
0.469
0.549
0.509
0.511
0.507
0.474
0.551
0.544
0.513
0.440
0.502
0.553
0.473
0.502
0.531
0.536
0.451
0.602
0.467
0.515
0.515
0.509
0.469
0.492
0.500
0.558
0.463
0.501
0.509
0.513
0.503
0.504
0.474
0.493
0.464
0.543
0.476
0.492
0.476
0.491
0.493
0.524
0.509
0.431
0.528
0.567
0.502
0.474
0.525
0.510
0.465
0.547
0.504
0.479
0.534
0.483
0.491
0.498
0.543
0.509
0.473
0.482
0.487
0.557
0.473
0.561
0.477
0.570
0.485
0.502
0.512
0.514
0.553
0.627
0.509
0.539
0.491
0.509
0.534
0.559
0.520
0.489
0.554
0.499
0.506
0.480
0.494
0.450
0.553
0.537
0.506
0.506
0.518
0.565
0.528
0.507
0.535
0.497
0.503
0.556
0.504
0.538
0.501
0.473
0.514
0.488
0.455
0.486
0.441
0.476
0.523
0.606
0.504
0.472
0.507
0.448
0.475
0.504
0.476
0.465
0.509
0.563
0.507
0.487
0.503
0.504
0.474
0.500
0.490
0.510
0.581
0.490
0.499
0.523
0.474
0.509
0.522
0.513
0.532
0.506
0.491
0.522
0.528
0.479
0.475
0.478
0.477
0.552
0.548
0.526
0.499
0.482
0.460
0.515
0.492
0.574
0.511
0.527
0.509
0.472
0.488
0.499
0.508
0.611
0.509
0.487
0.529
0.527
0.515
0.486
0.548
0.525
0.482
0.515
0.546
0.502
0.540
0.471
0.498
0.501
0.486
0.492
0.450
0.527
0.489
0.478
0.450
0.442
0.468
0.552
0.463
0.508
0.510
0.518
0.522
0.491
0.530
0.505
0.502
0.448
0.483
0.519
0.534
0.530
0.506
0.527
0.485
0.489
0.539
0.522
0.482
0.502
0.459
0.549
0.573
0.494
0.483
0.526
0.528
0.512
0.499
0.524
0.515
0.521
0.494
0.478
0.538
0.478
0.474
0.474
0.552
0.477
0.493
0.481
0.477
0.557
0.605
0.531
0.484
0.516
0.500
0.498
0.530
0.489
0.556
0.499
0.539
0.508
0.451
0.531
0.510
0.513
0.462
0.448
0.530
0.525
0.488
0.538
0.535
0.604
0.508
0.484
0.481
0.470
0.533
0.468
0.514
0.533
0.547
0.508
0.512
0.512
0.541
0.488
0.496
0.520
0.495
0.510
0.530
0.525
0.517
0.560
0.469
0.499
0.464
0.513
0.516
0.485
0.501
0.473
0.481
0.454
0.493
0.496
0.485
0.513
0.479
0.606
0.523
0.532
0.478
0.533
0.496
0.513
0.495
0.526
0.524
0.546
0.501
0.542
0.534
0.520
0.522
0.529
0.475
0.519
0.484
0.518
0.519
0.558
0.465
0.461
0.492
0.482
0.488
0.528
0.544
0.504
0.475
0.505
0.512
0.481
0.519
0.484
0.535
0.500
0.506
0.489
0.477
0.522
0.500
0.517
0.536
0.530
0.465
0.523
0.485
0.483
0.560
0.469
0.497
0.532
0.473
0.475
0.482
0.490
0.474
0.473
0.529
0.491
0.493
0.485
0.515
0.517
0.522
0.533
0.479
0.475
0.519
0.470
0.487
0.531
0.497
0.474
0.455
0.497
0.477
0.490
0.588
0.516
0.534
0.524
0.493
0.529
0.522
0.497
0.504
0.522
0.498
0.479
0.456
0.488
0.484
0.523
0.514
0.499
0.520
0.496
0.510
0.479
0.494
0.509
0.488
0.484
0.479
0.500
0.506
0.484
0.510
0.446
0.527
0.464
0.507
0.484
0.523
0.487
0.518
0.508
0.562
0.560
0.555
0.555
0.554
