0.792
0.752
0.774
0.711
0.692
0.634
0.748
0.787
0.694
0.824
0.685
0.656
0.698
0.691
0.761
0.776
0.783
0.794
0.617
0.654
0.774
0.685
0.775
0.648
0.740
0.737
0.712
0.789
0.730
0.744
0.708
0.767
0.778
0.747
0.763
0.711
0.788
0.743
0.791
0.771
0.757
0.726
0.695
0.754
0.743
0.686
0.740
0.614
0.729
0.781
0.649
0.707
0.754
0.677
0.757
0.691
0.716
0.741
0.805
0.713
0.709
0.742
0.781
0.759
0.720
0.724
0.639
0.693
0.698
0.711
0.744
0.668
0.776
0.689
0.659
0.734
0.764
0.689
0.747
0.739
0.768
0.790
0.744
0.738
0.763
0.700
0.763
0.728
0.824
0.700
0.690
0.778
0.717
0.713
0.717
0.732
0.716
0.762
0.782
0.772
0.817
0.743
0.827
0.733
0.791
0.773
0.683
0.759
0.629
0.745
0.700
0.693
0.668
0.719
0.653
0.800
0.704
0.757
0.625
0.664
0.777
0.816
0.750
0.774
0.774
0.817
0.737
0.775
0.751
0.743
0.705
0.715
0.785
0.783
0.676
0.794
0.791
0.775
0.788
0.730
0.810
0.733
0.787
0.711
0.788
0.766
0.720
0.790
0.787
0.717
0.742
0.786
0.679
0.724
0.637
0.736
0.798
0.753
0.802
0.705
0.707
0.687
0.790
0.713
0.712
0.779
0.698
0.715
0.720
0.756
0.810
0.764
0.729
0.841
0.767
0.715
0.827
0.808
0.715
0.735
0.744
0.838
0.733
0.780
0.654
0.614
0.789
0.768
0.728
0.663
0.726
0.660
0.758
0.646
0.719
0.717
0.688
0.739
0.733
0.729
0.725
0.655
0.790
0.746
0.670
0.693
0.729
0.710
0.711
0.747
0.694
0.734
0.692
0.686
0.677
0.699
0.727
0.678
0.783
0.692
0.707
0.785
0.686
0.686
0.657
0.718
0.714
0.745
0.714
0.753
0.728
0.698
0.743
0.732
0.696
0.704
0.654
0.714
0.721
0.697
0.699
0.718
0.743
0.668
0.749
0.779
0.674
0.744
0.722
0.729
0.783
0.668
0.763
0.731
0.712
0.723
0.714
0.687
0.723
0.760
0.697
0.678
0.745
0.703
0.693
0.681
0.689
0.701
0.754
0.691
0.767
0.756
0.699
0.719
0.767
0.753
0.672
0.676
0.741
0.748
0.673
0.740
0.708
0.759
0.748
0.742
0.655
0.740
0.703
0.743
0.756
0.741
0.707
0.735
0.749
0.728
0.765
0.708
0.720
0.684
0.700
0.694
0.715
0.707
0.685
0.674
0.714
0.686
0.739
0.669
0.684
0.695
0.694
0.715
0.733
0.714
0.738
0.747
0.692
0.678
0.750
0.670
0.673
0.718
0.744
0.700
0.707
0.728
0.785
0.728
0.750
0.749
0.713
0.751
0.712
0.743
0.741
0.664
0.751
0.784
0.696
0.764
0.726
0.727
0.694
0.710
0.727
0.695
0.690
0.725
0.727
0.692
0.691
0.743
0.697
0.717
0.746
0.715
0.703
0.699
0.706
0.705
0.749
0.720
0.760
0.736
0.725
0.702
0.740
0.656
0.697
0.737
0.740
0.723
0.677
0.757
0.710
0.686
0.722
0.693
0.719
0.761
0.717
0.747
0.718
0.677
0.693
0.761
0.684
0.715
0.703
0.701
0.724
0.789
0.762
0.736
0.736
0.738
0.694
0.719
0.679
0.710
0.741
0.737
0.690
0.749
0.712
0.768
0.693
0.737
0.713
0.713
0.718
0.660
0.778
0.747
0.691
0.669
0.718
0.697
0.674
0.708
0.694
0.709
0.720
0.726
0.704
0.731
0.743
0.732
0.683
0.685
0.710
0.731
0.758
0.677
0.705
0.708
0.729
0.756
0.648
0.733
0.712
0.718
0.695
0.713
0.698
0.678
0.704
0.711
0.680
0.679
0.685
0.696
0.682
0.696
0.707
0.710
0.699
0.750
0.713
0.711
0.718
0.700
0.696
0.706
0.708
0.709
0.690
0.657
0.721
0.718
0.695
0.704
0.712
0.720
0.721
0.705
0.688
0.731
0.660
0.731
0.707
0.718
0.752
0.729
0.698
0.700
0.684
0.762
0.721
0.715
0.695
0.774
0.709
0.725
0.712
0.712
0.727
0.731
0.736
0.690
0.722
0.692
0.679
0.682
0.706
0.701
0.706
0.680
0.745
0.677
0.734
0.697
0.689
0.744
0.755
0.703
0.670
0.730
0.685
0.735
0.690
0.724
0.745
0.752
0.714
0.677
0.677
0.718
0.731
0.709
0.710
0.725
0.731
0.725
0.709
0.735
0.708
0.716
0.731
0.730
0.670
0.737
0.688
0.760
0.689
0.728
0.739
0.705
0.744
0.715
0.719
0.713
0.731
0.689
0.729
0.736
0.684
0.723
0.697
0.716
0.764
0.684
0.690
0.759
0.682
0.742
0.687
0.682
0.749
0.725
0.697
0.712
0.697
0.751
0.679
0.734
0.727
0.695
0.699
0.748
0.721
0.711
0.677
0.695
0.723
0.694
0.715
0.718
0.671
0.707
0.704
0.692
0.739
0.712
0.741
0.697
0.731
0.745
0.695
0.725
0.681
0.719
0.711
0.707
0.692
0.714
0.722
0.746
0.690
0.666
0.695
0.687
0.694
0.705
0.678
0.709
0.746
0.685
0.736
0.694
0.738
0.699
0.689
0.699
0.718
0.739
0.728
0.723
0.703
0.683
0.735
0.685
0.715
0.686
0.740
0.720
0.705
0.706
0.729
0.727
0.672
0.701
0.713
0.744
0.667
0.750
0.675
0.734
0.689
0.698
0.694
0.718
0.710
0.715
0.725
0.695
0.692
0.682
0.671
0.682
0.695
0.695
0.696
0.698
0.710
0.693
0.719
0.691
0.741
0.747
0.684
0.704
0.705
0.676
0.705
0.713
0.739
0.700
0.709
0.706
0.701
0.737
0.671
0.728
0.675
0.694
0.706
0.679
0.698
0.691
0.702
0.734
0.701
0.674
0.733
0.700
0.670
0.708
0.685
0.680
0.692
0.699
0.685
0.705
0.711
0.705
0.705
0.734
0.712
0.706
0.695
0.702
0.708
0.745
0.715
0.688
0.709
0.769
0.713
0.747
0.699
0.669
0.694
0.703
0.677
0.726
0.718
0.722
0.708
0.740
0.709
0.754
0.687
0.689
0.749
0.710
0.701
0.718
0.721
0.702
0.656
0.695
0.717
0.670
0.729
0.710
0.690
0.689
0.711
0.716
0.706
0.702
0.714
0.714
0.722
0.697
0.722
0.691
0.726
0.717
0.763
0.742
0.724
0.670
0.693
0.724
0.706
0.671
0.715
0.721
0.726
0.694
0.720
0.742
0.715
0.723
0.736
0.672
0.722
0.718
0.713
0.740
0.696
0.655
0.692
0.709
0.722
0.718
0.697
0.732
0.697
0.721
0.718
0.732
0.687
0.711
0.740
0.698
0.688
0.688
0.708
0.678
0.704
0.705
0.712
0.722
0.671
0.737
0.693
0.699
0.680
0.696
0.716
0.731
0.710
0.688
0.676
0.718
0.709
0.692
0.721
0.690
0.690
0.683
0.722
0.679
0.695
0.672
0.694
0.712
0.718
0.676
0.705
0.700
0.739
0.700
0.699
0.671
0.682
0.670
0.700
0.727
0.685
0.698
0.662
0.675
0.682
0.681
0.692
0.733
0.708
0.680
0.733
0.716
0.716
0.682
0.702
0.673
0.702
0.716
0.693
0.715
0.733
0.724
0.716
0.677
0.695
0.688
0.691
0.697
0.665
0.684
0.726
0.686
0.680
0.724
0.687
0.688
0.702
0.745
0.695
0.689
0.700
0.689
0.674
0.681
0.699
0.711
0.694
0.710
0.728
0.743
0.696
0.687
0.695
0.702
0.699
0.704
0.668
0.715
0.714
0.715
0.741
0.705
0.696
0.691
0.688
0.687
0.718
0.697
0.682
0.702
0.718
0.711
0.718
0.705
0.700
0.698
0.723
0.755
0.689
0.694
0.667
0.670
0.679
0.713
0.695
0.687
0.684
0.699
0.704
0.695
0.731
0.713
0.689
0.719
0.722
0.690
0.690
0.705
0.726
0.746
0.715
0.681
0.716
0.707
0.670
0.688
0.673
0.675
0.755
0.706
0.709
0.695
0.717
0.721
0.677
0.722
0.707
0.732
0.709
0.717
0.740
0.713
0.710
0.704
0.700
0.740
0.721
0.712
0.674
0.689
0.717
0.712
0.706
0.725
0.709
0.669
0.713
0.723
0.715
0.691
0.685
0.707
0.697
0.714
0.708
0.687
0.713
0.738
0.682
0.706
0.709
0.708
0.698
0.715
0.720
0.689
