0.277
0.272
0.236
0.245
0.259
0.250
0.235
0.258
0.253
0.195
0.195
0.214
0.220
0.201
0.198
0.184
0.159
0.183
0.188
0.190
0.202
0.178
0.175
0.193
0.183
0.159
0.193
0.231
0.243
0.193
0.186
0.162
0.196
0.169
0.185
0.188
0.151
0.201
0.209
0.200
0.190
0.208
0.189
0.162
0.223
0.185
0.197
0.199
0.166
0.208
0.176
0.172
0.145
0.165
0.151
0.148
0.155
0.164
0.160
0.147
0.160
0.167
0.114
0.163
0.144
0.163
0.146
0.153
0.154
0.169
0.163
0.143
0.198
0.157
0.139
0.184
0.148
0.147
0.157
0.129
0.135
0.152
0.178
0.152
0.159
0.150
0.145
0.174
0.140
0.138
0.164
0.161
0.145
0.178
0.147
0.133
0.150
0.134
0.154
0.144
0.141
0.164
0.152
0.144
0.153
0.133
0.177
0.161
0.166
0.149
0.173
0.157
0.145
0.140
0.121
0.162
0.144
0.124
0.140
0.137
0.136
0.137
0.126
0.140
0.134
0.139
0.098
0.124
0.147
0.125
0.131
0.154
0.139
0.115
0.112
0.130
0.153
0.130
0.138
0.122
0.155
0.131
0.174
0.136
0.132
0.120
0.147
0.146
0.126
0.111
0.129
0.164
0.143
0.124
0.137
0.132
0.138
0.125
0.115
0.164
0.150
0.151
0.138
0.155
0.127
0.144
0.122
0.138
0.124
0.135
0.150
0.140
0.128
0.140
0.135
0.155
0.139
0.146
0.168
0.149
0.125
0.124
0.140
0.140
0.141
0.116
0.130
0.154
0.126
0.143
0.130
0.126
0.122
0.164
0.124
0.146
0.155
0.132
0.133
0.129
0.115
0.129
0.129
0.117
0.127
0.127
0.116
0.106
0.138
0.116
0.113
0.139
0.111
0.117
0.119
0.118
0.116
0.134
0.118
0.126
0.129
0.126
0.107
0.132
0.135
0.121
0.117
0.144
0.112
0.125
0.118
0.109
0.130
0.131
0.127
0.124
0.119
0.107
0.138
0.115
0.122
0.128
0.141
0.105
0.114
0.134
0.134
0.123
0.114
0.153
0.124
0.128
0.127
0.118
0.121
0.120
0.123
0.113
0.114
0.135
0.124
0.116
0.132
0.125
0.114
0.118
0.149
0.143
0.125
0.089
0.134
0.149
0.125
0.128
0.130
0.142
0.140
0.127
0.148
0.158
0.143
0.126
0.121
0.119
0.119
0.116
0.128
0.147
0.122
0.110
0.112
0.138
0.118
0.141
0.148
0.126
0.138
0.126
0.103
0.129
0.130
0.120
0.146
0.127
0.103
0.134
0.140
0.096
0.099
0.127
0.102
0.114
0.117
0.124
0.107
0.108
0.129
0.113
0.112
0.118
0.114
0.112
0.122
0.131
0.104
0.115
0.106
0.126
0.130
0.113
0.112
0.113
0.108
0.111
0.103
0.131
0.117
0.126
0.116
0.116
0.127
0.123
0.115
0.122
0.124
0.123
0.131
0.133
0.111
0.120
0.109
0.104
0.114
0.097
0.102
0.109
0.127
0.116
0.131
0.120
0.117
0.109
0.145
0.110
0.112
0.104
0.137
0.108
0.129
0.133
0.144
0.136
0.126
0.111
0.126
0.124
0.120
0.111
0.137
0.128
0.100
0.131
0.108
0.120
0.133
0.117
0.115
0.110
0.138
0.120
0.121
0.109
0.106
0.112
0.134
0.111
0.120
0.104
0.104
0.129
0.134
0.131
0.121
0.114
0.097
0.125
0.132
0.123
0.131
0.104
0.123
0.115
0.118
0.114
0.134
0.121
0.119
0.102
0.154
0.118
0.097
0.130
0.091
0.114
0.109
0.103
0.103
0.124
0.116
0.113
0.107
0.095
0.113
0.117
0.114
0.097
0.119
0.103
0.107
0.106
0.110
0.104
0.108
0.111
0.120
0.124
0.122
0.116
0.113
0.100
0.120
0.095
0.101
0.099
0.116
0.105
0.112
0.127
0.111
0.126
0.114
0.104
0.119
0.103
0.114
0.117
0.113
0.114
0.098
0.123
0.109
0.120
0.110
0.103
0.109
0.115
0.133
0.098
0.118
0.129
0.112
0.133
0.125
0.120
0.107
0.106
0.109
0.114
0.108
0.104
0.109
0.115
0.112
0.101
0.117
0.106
0.116
0.120
0.116
0.129
0.107
0.106
0.121
0.115
0.116
0.111
0.116
0.122
0.136
0.111
0.117
0.125
0.132
0.122
0.101
0.108
0.110
0.116
0.109
0.088
0.126
0.111
0.095
0.115
0.128
0.132
0.125
0.101
0.098
0.112
0.122
0.112
0.159
0.117
0.107
0.127
0.109
0.107
0.108
0.091
0.108
0.115
0.113
0.091
0.124
0.124
0.099
0.103
0.124
0.109
0.119
0.101
0.111
0.113
0.113
0.103
0.124
0.110
0.126
0.123
0.110
0.095
0.108
0.104
0.102
0.112
0.115
0.114
0.110
0.112
0.108
0.128
0.109
0.109
0.112
0.120
0.110
0.116
0.100
0.121
0.097
0.117
0.114
0.108
0.113
0.104
0.106
0.110
0.114
0.113
0.109
0.114
0.101
0.140
0.102
0.111
0.113
0.106
0.110
0.089
0.104
0.116
0.128
0.092
0.093
0.124
0.110
0.100
0.109
0.111
0.096
0.103
0.103
0.113
0.117
0.115
0.104
0.114
0.109
0.090
0.130
0.110
0.114
0.093
0.121
0.099
0.134
0.137
0.097
0.093
0.094
0.111
0.148
0.112
0.130
0.136
0.105
0.110
0.113
0.111
0.118
0.110
0.130
0.112
0.115
0.104
0.100
0.102
0.112
0.104
0.110
0.111
0.107
0.102
0.096
0.112
0.130
0.122
0.094
0.097
0.103
0.108
0.101
0.102
0.108
0.112
0.102
0.104
0.122
0.100
0.095
0.119
0.103
0.094
0.108
0.117
0.105
0.103
0.122
0.118
0.104
0.113
0.111
0.097
0.107
0.131
0.108
0.100
0.099
0.109
0.095
0.115
0.098
0.123
0.115
0.107
0.122
0.111
0.104
0.109
0.121
0.106
0.096
0.116
0.118
0.110
0.115
0.128
0.104
0.110
0.096
0.119
0.102
0.101
0.144
0.093
0.092
0.128
0.120
0.135
0.105
0.115
0.113
0.095
0.112
0.120
0.118
0.113
0.101
0.106
0.105
0.103
0.119
0.112
0.111
0.097
0.103
0.092
0.104
0.113
0.107
0.103
0.108
0.095
0.118
0.106
0.115
0.091
0.094
0.135
0.123
0.099
0.106
0.113
0.136
0.090
0.108
0.110
0.121
0.120
0.113
0.086
0.123
0.117
0.123
0.089
0.112
0.117
0.118
0.100
0.102
0.094
0.097
0.113
0.117
0.114
0.100
0.130
0.109
0.096
0.101
0.097
0.112
0.094
0.098
0.103
0.135
0.112
0.096
0.087
0.105
0.117
0.111
0.080
0.087
0.093
0.106
0.094
0.104
0.110
0.098
0.101
0.120
0.105
0.108
0.094
0.117
0.119
0.102
0.105
0.097
0.111
0.114
0.106
0.105
0.093
0.089
0.096
0.102
0.122
0.108
0.095
0.090
0.093
0.121
0.110
0.119
0.122
0.106
0.120
0.135
0.088
0.096
0.092
0.103
0.124
0.098
0.098
0.084
0.127
0.109
0.103
0.091
0.111
0.094
0.098
0.111
0.103
0.099
0.097
0.096
0.109
0.104
0.110
0.102
0.089
0.109
0.104
0.094
0.110
0.107
0.110
0.104
0.084
0.093
0.107
0.115
0.093
0.102
0.106
0.114
0.110
0.104
0.101
0.106
0.125
0.105
0.104
0.103
0.090
0.107
0.107
0.126
0.098
0.087
0.105
0.106
0.092
0.113
0.109
0.096
0.095
0.090
0.084
0.102
0.116
0.090
0.105
0.108
0.096
0.101
0.097
0.099
0.107
0.083
0.097
0.097
0.118
0.123
0.098
0.103
0.097
0.096
0.106
0.101
0.091
0.111
0.102
0.110
0.095
0.108
0.101
0.112
0.105
0.082
0.084
0.102
0.091
0.100
0.089
0.102
0.081
0.100
0.101
0.101
0.104
0.104
0.100
0.099
0.099
0.124
0.086
0.110
0.081
0.092
0.104
0.097
0.087
0.110
0.089
0.084
0.098
0.119
0.123
0.103
0.104
0.087
0.105
0.117
0.098
0.115
0.111
0.089
0.098
0.100
0.116
0.078
0.093
0.102
0.125
0.110
0.092
0.098
0.107
0.106
0.103
0.085
0.113
0.082
0.127
0.087
0.082
0.102
0.085
0.084
0.088
0.082
0.151
0.088
0.082
0.085
0.147
0.074
0.141
0.126
0.121
0.119
0.118
0.117
0.116
