0.322
0.328
0.341
0.338
0.340
0.331
0.335
0.328
0.318
0.323
0.347
0.326
0.338
0.333
0.330
0.320
0.327
0.327
0.334
0.336
0.334
0.343
0.320
0.342
0.314
0.320
0.322
0.305
0.319
0.317
0.331
0.340
0.322
0.320
0.331
0.352
0.336
0.336
0.331
0.320
0.334
0.331
0.338
0.326
0.334
0.334
0.334
0.349
0.312
0.318
0.335
0.326
0.325
0.334
0.346
0.351
0.328
0.340
0.336
0.348
0.335
0.333
0.324
0.335
0.335
0.343
0.320
0.319
0.338
0.326
0.336
0.332
0.331
0.332
0.338
0.328
0.320
0.335
0.332
0.327
0.345
0.323
0.323
0.318
0.344
0.349
0.317
0.336
0.309
0.317
0.339
0.333
0.317
0.330
0.321
0.328
0.338
0.334
0.336
0.313
0.316
0.351
0.329
0.316
0.322
0.313
0.330
0.317
0.339
0.328
0.360
0.325
0.337
0.345
0.311
0.318
0.329
0.330
0.337
0.329
0.314
0.329
0.322
0.316
0.308
0.303
0.300
0.326
0.328
0.328
0.339
0.324
0.329
0.332
0.340
0.313
0.321
0.316
0.346
0.330
0.309
0.335
0.337
0.333
0.338
0.319
0.324
0.306
0.309
0.314
0.323
0.342
0.327
0.318
0.339
0.307
0.337
0.319
0.293
0.314
0.334
0.340
0.342
0.328
0.327
0.322
0.331
0.321
0.306
0.315
0.324
0.327
0.326
0.312
0.348
0.313
0.329
0.317
0.310
0.306
0.349
0.334
0.354
0.303
0.343
0.342
0.331
0.331
0.316
0.318
0.320
0.312
0.335
0.342
0.334
0.332
0.324
0.311
0.319
0.332
0.245
0.251
0.241
0.228
0.224
0.247
0.229
0.260
0.233
0.231
0.232
0.236
0.257
0.233
0.236
0.238
0.235
0.238
0.259
0.224
0.249
0.236
0.243
0.236
0.239
0.236
0.229
0.231
0.235
0.232
0.243
0.245
0.230
0.237
0.235
0.242
0.238
0.230
0.233
0.261
0.250
0.248
0.219
0.235
0.233
0.232
0.236
0.225
0.218
0.223
0.224
0.243
0.224
0.240
0.253
0.265
0.233
0.235
0.215
0.240
0.252
0.239
0.221
0.231
0.232
0.241
0.240
0.244
0.235
0.254
0.238
0.233
0.241
0.239
0.227
0.247
0.237
0.258
0.230
0.224
0.244
0.238
0.225
0.222
0.248
0.242
0.238
0.236
0.222
0.229
0.243
0.231
0.236
0.219
0.206
0.227
0.213
0.239
0.234
0.241
0.231
0.211
0.255
0.223
0.245
0.223
0.237
0.229
0.231
0.243
0.242
0.232
0.229
0.229
0.224
0.238
0.230
0.228
0.227
0.221
0.229
0.243
0.249
0.230
0.244
0.239
0.223
0.239
0.238
0.224
0.228
0.243
0.251
0.236
0.232
0.258
0.233
0.238
0.226
0.226
0.232
0.225
0.229
0.239
0.231
0.224
0.221
0.227
0.242
0.226
0.227
0.231
0.225
0.235
0.235
0.214
0.235
0.253
0.233
0.215
0.245
0.244
0.249
0.225
0.222
0.232
0.250
0.244
0.247
0.254
0.244
0.225
0.226
0.229
0.218
0.228
0.226
0.230
0.249
0.232
0.235
0.238
0.240
0.242
0.224
0.241
0.237
0.226
0.228
0.250
0.237
0.242
0.218
0.222
0.226
0.239
0.231
0.222
0.230
0.229
0.194
0.199
0.198
0.207
0.202
0.190
0.194
0.184
0.188
0.189
0.231
0.208
0.195
0.190
0.204
0.238
0.208
0.201
0.206
0.200
0.195
0.195
0.178
0.209
0.187
0.196
0.190
0.192
0.199
0.188
0.204
0.196
0.211
0.183
0.194
0.198
0.196
0.201
0.205
0.191
0.190
0.186
0.189
0.208
0.197
0.215
0.202
0.194
0.188
0.197
0.195
0.195
0.199
0.191
0.198
0.181
0.186
0.187
0.204
0.193
0.189
0.195
0.181
0.191
0.204
0.201
0.182
0.200
0.197
0.205
0.199
0.198
0.202
0.198
0.201
0.190
0.195
0.192
0.192
0.190
0.196
0.221
0.196
0.185
0.200
0.208
0.188
0.191
0.198
0.187
0.194
0.189
0.202
0.170
0.199
0.207
0.200
0.208
0.195
0.189
0.188
0.189
0.203
0.174
0.205
0.205
0.213
0.184
0.188
0.190
0.194
0.206
0.202
0.206
0.195
0.197
0.212
0.196
0.197
0.185
0.190
0.185
0.184
0.202
0.184
0.180
0.200
0.206
0.192
0.194
0.207
0.194
0.202
0.209
0.189
0.185
0.172
0.181
0.183
0.197
0.188
0.188
0.183
0.205
0.195
0.186
0.203
0.202
0.192
0.189
0.198
0.198
0.203
0.202
0.195
0.204
0.192
0.191
0.200
0.198
0.193
0.192
0.192
0.182
0.203
0.208
0.212
0.182
0.178
0.195
0.176
0.191
0.203
0.199
0.194
0.191
0.186
0.211
0.204
0.191
0.206
0.214
0.181
0.186
0.183
0.200
0.192
0.194
0.187
0.198
0.200
0.190
0.189
0.194
0.189
0.189
0.185
0.182
0.178
0.191
0.179
0.200
0.186
0.172
0.176
0.175
0.188
0.171
0.170
0.180
0.174
0.167
0.174
0.187
0.168
0.173
0.168
0.176
0.169
0.169
0.161
0.172
0.170
0.170
0.168
0.173
0.185
0.163
0.170
0.173
0.177
0.180
0.187
0.186
0.161
0.168
0.167
0.181
0.184
0.172
0.155
0.164
0.165
0.166
0.182
0.170
0.179
0.169
0.184
0.191
0.169
0.160
0.168
0.169
0.169
0.174
0.164
0.170
0.180
0.172
0.169
0.174
0.176
0.187
0.154
0.165
0.157
0.181
0.180
0.191
0.169
0.160
0.171
0.181
0.168
0.164
0.180
0.178
0.167
0.164
0.177
0.183
0.189
0.173
0.178
0.166
0.178
0.174
0.158
0.177
0.169
0.197
0.168
0.170
0.184
0.163
0.164
0.165
0.180
0.161
0.166
0.172
0.183
0.157
0.165
0.169
0.183
0.178
0.166
0.169
0.182
0.178
0.155
0.174
0.166
0.188
0.168
0.177
0.160
0.163
0.179
0.166
0.195
0.186
0.180
0.161
0.185
0.171
0.167
0.169
0.174
0.161
0.179
0.158
0.169
0.189
0.168
0.179
0.170
0.165
0.158
0.174
0.174
0.169
0.166
0.179
0.171
0.172
0.172
0.176
0.170
0.177
0.173
0.164
0.174
0.177
0.167
0.167
0.183
0.172
0.174
0.159
0.153
0.167
0.183
0.172
0.175
0.169
0.168
0.172
0.165
0.189
0.170
0.160
0.169
0.166
0.158
0.165
0.175
0.169
0.170
0.170
0.180
0.175
0.162
0.169
0.186
0.160
0.165
0.168
0.165
0.164
0.167
0.178
0.169
0.170
0.171
0.168
0.178
0.168
0.176
0.167
0.162
0.164
0.161
0.166
0.164
0.152
0.161
0.163
0.158
0.153
0.163
0.170
0.155
0.150
0.154
0.166
0.153
0.155
0.159
0.174
0.167
0.153
0.163
0.157
0.157
0.167
0.158
0.162
0.149
0.161
0.174
0.161
0.161
0.163
0.149
0.163
0.149
0.159
0.158
0.157
0.159
0.150
0.155
0.180
0.167
0.164
0.153
0.164
0.163
0.162
0.159
0.164
0.170
0.162
0.159
0.155
0.149
0.154
0.153
0.153
0.160
0.159
0.153
0.149
0.154
0.157
0.152
0.154
0.164
0.149
0.168
0.160
0.166
0.159
0.162
0.161
0.153
0.157
0.153
0.159
0.166
0.174
0.152
0.154
0.160
0.150
0.170
0.167
0.167
0.154
0.158
0.160
0.169
0.168
0.153
0.150
0.155
0.152
0.159
0.153
0.151
0.146
0.155
0.165
0.147
0.163
0.182
0.161
0.148
0.154
0.155
0.147
0.152
0.158
0.157
0.164
0.162
0.143
0.157
0.146
0.146
0.148
0.169
0.184
0.167
0.157
0.152
0.173
0.148
0.166
0.155
0.167
0.155
0.160
0.165
0.153
0.159
0.168
0.155
0.163
0.160
0.159
0.148
0.159
0.173
0.156
0.157
0.149
0.170
0.169
0.152
0.148
0.158
0.158
0.166
0.172
0.159
0.177
0.154
0.161
0.173
0.149
0.145
0.154
0.150
0.157
0.164
0.159
0.160
0.165
0.163
0.163
0.151
0.149
0.148
0.161
0.156
0.140
0.138
0.147
0.166
0.175
0.158
0.156
0.149
0.170
0.167
0.149
0.173
0.173
0.141
0.162
0.153
0.152
0.167
0.153
0.150
0.157
